Ipulse / pA	spike times / ms
-12	[]
-5	[]
-2	[]
-1	[98.678, 122.964, 147.262, 171.555, 195.845, 220.134, 244.422, 268.709, 292.995, 317.28000000000003, 341.565, 365.849, 390.133, 414.417, 438.7, 462.983, 487.26599999999996, 512.2090000000001]
0	[63.648999999999994, 83.87899999999999, 104.135, 124.387, 144.63799999999998, 164.887, 185.135, 205.383, 225.63, 245.876, 266.122, 286.368, 306.614, 326.85900000000004, 347.10400000000004, 367.349, 387.593, 407.83799999999997, 428.08299999999997, 448.327, 468.571, 488.816, 509.05999999999995]
5	[30.553, 43.872, 57.202000000000005, 70.533, 83.863, 97.193, 110.52199999999999, 123.851, 137.18, 150.50900000000001, 163.83800000000002, 177.166, 190.495, 203.823, 217.151, 230.47899999999998, 243.807, 257.135, 270.463, 283.791, 297.119, 310.446, 323.774, 337.10200000000003, 350.429, 363.757, 377.085, 390.412, 403.74, 417.067, 430.39500000000004, 443.722, 457.05, 470.377, 483.705, 497.032, 510.436]
10	[23.212, 34.165, 45.102999999999994, 56.046, 66.988, 77.931, 88.87299999999999, 99.815, 110.75699999999999, 121.699, 132.64100000000002, 143.583, 154.525, 165.467, 176.40900000000002, 187.351, 198.292, 209.234, 220.17600000000002, 231.117, 242.059, 253.0, 263.942, 274.884, 285.825, 296.76599999999996, 307.70799999999997, 318.649, 329.591, 340.532, 351.474, 362.41499999999996, 373.356, 384.29799999999994, 395.23900000000003, 406.18100000000004, 417.122, 428.06300000000005, 439.005, 449.946, 460.887, 471.829, 482.77, 493.711, 504.653]
15	[19.836, 29.500999999999998, 39.143, 48.794, 58.446, 68.098, 77.75, 87.40299999999999, 97.055, 106.707, 116.35900000000001, 126.01200000000001, 135.66400000000002, 145.316, 154.969, 164.62099999999998, 174.27300000000002, 183.925, 193.577, 203.23, 212.88199999999998, 222.53400000000002, 232.186, 241.838, 251.491, 261.14300000000003, 270.795, 280.447, 290.099, 299.751, 309.404, 319.056, 328.708, 338.36, 348.012, 357.664, 367.316, 376.969, 386.621, 396.27299999999997, 405.92499999999995, 415.577, 425.22900000000004, 434.88100000000003, 444.534, 454.186, 463.83799999999997, 473.49, 483.142, 492.794, 502.44599999999997]
20	[17.868, 26.701, 35.524, 44.364, 53.205000000000005, 62.047, 70.89, 79.732, 88.575, 97.418, 106.261, 115.104, 123.947, 132.79, 141.633, 150.476, 159.319, 168.162, 177.005, 185.848, 194.691, 203.534, 212.377, 221.22, 230.063, 238.906, 247.749, 256.593, 265.436, 274.279, 283.12199999999996, 291.965, 300.808, 309.652, 318.49499999999995, 327.338, 336.181, 345.024, 353.868, 362.711, 371.554, 380.397, 389.23999999999995, 398.084, 406.92699999999996, 415.77, 424.613, 433.456, 442.3, 451.14300000000003, 459.986, 468.829, 477.673, 486.516, 495.359, 504.20200000000006]
25	[16.569, 24.812, 33.077000000000005, 41.37, 49.666000000000004, 57.963, 66.261, 74.559, 82.858, 91.156, 99.455, 107.753, 116.052, 124.351, 132.64999999999998, 140.94899999999998, 149.248, 157.547, 165.846, 174.14499999999998, 182.444, 190.743, 199.042, 207.341, 215.641, 223.94, 232.239, 240.538, 248.838, 257.137, 265.436, 273.736, 282.03499999999997, 290.33500000000004, 298.634, 306.933, 315.233, 323.532, 331.832, 340.13100000000003, 348.431, 356.73, 365.03000000000003, 373.329, 381.629, 389.928, 398.228, 406.52700000000004, 414.827, 423.126, 431.426, 439.72499999999997, 448.02500000000003, 456.324, 464.62399999999997, 472.923, 481.223, 489.52299999999997, 497.822, 506.12199999999996]
30	[15.642, 23.442, 31.308999999999997, 39.222, 47.139, 55.058, 62.977000000000004, 70.898, 78.818, 86.73899999999999, 94.66, 102.581, 110.50200000000001, 118.424, 126.34500000000001, 134.266, 142.18800000000002, 150.10999999999999, 158.031, 165.953, 173.875, 181.797, 189.719, 197.64100000000002, 205.563, 213.485, 221.40699999999998, 229.329, 237.25199999999998, 245.174, 253.09599999999998, 261.018, 268.941, 276.863, 284.786, 292.708, 300.63, 308.553, 316.475, 324.398, 332.32, 340.243, 348.165, 356.088, 364.01, 371.933, 379.855, 387.778, 395.701, 403.623, 411.54600000000005, 419.468, 427.391, 435.31399999999996, 443.23600000000005, 451.159, 459.082, 467.00399999999996, 474.92699999999996, 482.849, 490.772, 498.695, 506.61699999999996]
35	[14.946, 22.396, 29.97, 37.616, 45.269, 52.924, 60.580000000000005, 68.23700000000001, 75.89500000000001, 83.552, 91.211, 98.869, 106.52799999999999, 114.18599999999999, 121.845, 129.50400000000002, 137.163, 144.822, 152.481, 160.14100000000002, 167.8, 175.46, 183.119, 190.779, 198.439, 206.09900000000002, 213.758, 221.418, 229.078, 236.738, 244.399, 252.05899999999997, 259.719, 267.37899999999996, 275.039, 282.7, 290.36, 298.02, 305.681, 313.341, 321.001, 328.66200000000003, 336.322, 343.983, 351.643, 359.30400000000003, 366.964, 374.625, 382.28499999999997, 389.946, 397.60699999999997, 405.267, 412.928, 420.588, 428.24899999999997, 435.91, 443.57, 451.231, 458.892, 466.552, 474.213, 481.874, 489.53400000000005, 497.195, 504.856]
40	[14.402, 21.567, 28.921, 36.38, 43.852000000000004, 51.327999999999996, 58.806, 66.285, 73.765, 81.246, 88.727, 96.208, 103.68900000000001, 111.171, 118.65199999999999, 126.134, 133.616, 141.099, 148.581, 156.06300000000002, 163.546, 171.029, 178.512, 185.994, 193.478, 200.961, 208.444, 215.92700000000002, 223.411, 230.89399999999998, 238.377, 245.861, 253.345, 260.82800000000003, 268.312, 275.796, 283.28, 290.764, 298.24699999999996, 305.731, 313.21500000000003, 320.699, 328.183, 335.667, 343.152, 350.636, 358.12, 365.604, 373.08799999999997, 380.572, 388.05699999999996, 395.541, 403.02500000000003, 410.509, 417.99399999999997, 425.478, 432.962, 440.446, 447.93100000000004, 455.415, 462.9, 470.384, 477.868, 485.35299999999995, 492.83700000000005, 500.321, 507.806]
45	[13.965, 20.89, 28.073, 35.401, 42.757000000000005, 50.121, 57.489, 64.859, 72.23, 79.602, 86.97399999999999, 94.347, 101.72, 109.09299999999999, 116.466, 123.84, 131.214, 138.588, 145.96200000000002, 153.337, 160.71099999999998, 168.086, 175.461, 182.836, 190.21099999999998, 197.58700000000002, 204.96200000000002, 212.338, 219.714, 227.08900000000003, 234.465, 241.841, 249.21699999999998, 256.593, 263.969, 271.346, 278.72200000000004, 286.098, 293.47499999999997, 300.851, 308.228, 315.604, 322.981, 330.357, 337.734, 345.111, 352.48699999999997, 359.86400000000003, 367.241, 374.618, 381.99499999999995, 389.37100000000004, 396.748, 404.125, 411.50199999999995, 418.879, 426.25600000000003, 433.633, 441.01, 448.387, 455.764, 463.141, 470.518, 477.89500000000004, 485.272, 492.649, 500.02599999999995, 507.40399999999994]
50	[13.604, 20.322, 27.366999999999997, 34.601, 41.886, 49.19, 56.504, 63.822, 71.143, 78.466, 85.789, 93.113, 100.438, 107.762, 115.088, 122.413, 129.739, 137.065, 144.392, 151.718, 159.045, 166.37199999999999, 173.69899999999998, 181.027, 188.35399999999998, 195.682, 203.01, 210.338, 217.666, 224.995, 232.323, 239.65200000000002, 246.98000000000002, 254.309, 261.638, 268.967, 276.296, 283.625, 290.954, 298.284, 305.613, 312.942, 320.272, 327.601, 334.931, 342.26, 349.59000000000003, 356.92, 364.24899999999997, 371.579, 378.909, 386.239, 393.569, 400.89799999999997, 408.22799999999995, 415.558, 422.888, 430.21799999999996, 437.548, 444.878, 452.208, 459.538, 466.868, 474.19800000000004, 481.528, 488.859, 496.18899999999996, 503.51900000000006]

